0	8199	8144	8194	8227	8194	8255	
1	8202	8147	8194	8225	8188	8255	
2	8201	8149	8199	8226	8187	8255	
3	8199	8147	8197	8226	8191	8254	
4	8203	8150	8199	8223	8190	8254	
5	8197	8147	8195	8225	8191	8254	
6	8199	8149	8194	8229	8190	8254	
7	8204	8147	8194	8225	8191	8254	
8	8203	8147	8195	8229	8189	8251	
9	8200	8146	8197	8226	8189	8254	
10	8201	8145	8199	8227	8187	8257	
11	8200	8152	8199	8223	8188	8253	
12	8199	8148	8195	8225	8187	8251	
13	8199	8150	8199	8229	8191	8256	
14	8199	8150	8198	8225	8189	8252	
15	8199	8145	8197	8230	8189	8255	
16	8201	8144	8197	8228	8188	8253	
17	8200	8148	8195	8226	8188	8250	
18	8201	8142	8194	8225	8194	8255	
19	8201	8149	8199	8228	8189	8251	
20	8197	8148	8194	8225	8188	8251	
21	8199	8150	8198	8226	8189	8252	
22	8202	8147	8195	8226	8191	8257	
23	8200	8151	8196	8224	8190	8252	
24	8197	8149	8198	8229	8189	8253	
25	8203	8144	8194	8225	8189	8253	
26	8201	8148	8197	8227	8191	8253	
27	8198	8149	8198	8221	8185	8255	
28	8197	8148	8194	8225	8189	8255	
29	8202	8147	8198	8228	8189	8252	
30	8201	8152	8201	8225	8190	8253	
31	8198	8145	8202	8222	8190	8251	
32	8200	8146	8196	8221	8191	8255	
33	8202	8148	8199	8225	8183	8251	
34	8199	8147	8197	8226	8190	8254	
35	8198	8146	8199	8228	8191	8252	
36	8202	8146	8196	8226	8189	8252	
37	8199	8145	8199	8225	8189	8253	
38	8198	8148	8200	8222	8188	8255	
39	8198	8145	8196	8227	8189	8252	
40	8200	8150	8196	8223	8187	8252	
41	8198	8146	8198	8223	8190	8251	
42	8199	8151	8198	8226	8193	8254	
43	8201	8146	8195	8223	8187	8253	
44	8200	8150	8197	8225	8186	8252	
45	8200	8148	8197	8227	8191	8256	
46	8201	8148	8195	8223	8187	8251	
47	8200	8152	8196	8229	8190	8256	
48	8197	8148	8197	8224	8189	8256	
49	8200	8149	8194	8222	8192	8256	
50	8204	8149	8203	8227	8192	8254	
51	8196	8143	8196	8227	8191	8254	
52	8196	8148	8198	8224	8194	8251	
53	8198	8148	8195	8226	8188	8256	
54	8201	8149	8197	8221	8187	8254	
55	8201	8147	8194	8226	8190	8252	
56	8199	8152	8196	8224	8185	8252	
57	8197	8147	8198	8225	8188	8253	
58	8202	8150	8196	8229	8186	8254	
59	8203	8147	8197	8225	8190	8256	
60	8204	8147	8196	8226	8190	8253	
61	8201	8147	8197	8224	8192	8250	
62	8197	8143	8196	8224	8187	8255	
63	8200	8144	8197	8224	8189	8253	
64	8202	8146	8194	8224	8189	8253	
65	8202	8150	8196	8225	8189	8251	
66	8200	8146	8193	8229	8193	8257	
67	8200	8149	8199	8227	8189	8258	
68	8201	8151	8193	8225	8195	8253	
69	8197	8148	8196	8224	8111	8257	
70	8201	8147	8198	8226	8068	8245	
71	8199	8147	8195	8225	7994	8182	
72	8196	8148	8163	8227	7897	8177	
73	8201	8146	8166	8212	7864	8122	
74	8201	8146	8141	8214	7812	8101	
75	8196	8146	8124	8200	7728	8091	
76	8202	8146	8115	8190	7610	8050	
77	8203	8151	8101	8188	7542	7995	
78	8200	8146	8078	8178	7448	7960	
79	8198	8148	8056	8169	7358	7915	
80	8199	8148	8032	8156	7273	7872	
81	8199	8148	8015	8150	7192	7835	
82	8200	8152	7994	8130	7125	7790	
83	8199	8146	7978	8123	7067	7768	
84	8202	8148	7957	8110	7015	7734	
85	8198	8149	7942	8106	6958	7707	
86	8201	8147	7927	8094	6908	7680	
87	8197	8149	7921	8084	6869	7657	
88	8200	8145	7910	8081	6833	7638	
89	8200	8147	7891	8076	6811	7622	
90	8201	8149	7884	8065	6779	7604	
91	8197	8148	7882	8062	6753	7590	
92	8198	8148	7864	8058	6719	7583	
93	8204	8149	7864	8052	6701	7561	
94	8199	8145	7855	8054	6672	7555	
95	8203	8145	7846	8050	6661	7541	
96	8200	8147	7844	8042	6649	7531	
97	8197	8147	7840	8040	6629	7528	
98	8201	8147	7833	8037	6623	7517	
99	8199	8142	7830	8037	6608	7517	
100	8201	8150	7829	8036	6595	7510	
101	8195	8147	7826	8030	6583	7501	
102	8199	8147	7825	8031	6572	7495	
103	8206	8147	7825	8033	6565	7493	
104	8199	8146	7818	8028	6557	7486	
105	8203	8149	7818	8028	6550	7488	
106	8198	8145	7815	8027	6543	7484	
107	8200	8147	7820	8022	6542	7480	
108	8198	8145	7812	8017	6535	7480	
109	8200	8149	7812	8024	6531	7471	
110	8204	8146	7810	8024	6527	7477	
111	8201	8144	7811	8019	6527	7472	
112	8202	8145	7803	8018	6522	7473	
113	8202	8149	7806	8020	6518	7468	
114	8204	8147	7806	8017	6517	7464	
115	8196	8144	7805	8020	6513	7467	
116	8201	8147	7805	8018	6514	7463	
117	8201	8146	7803	8020	6508	7465	
118	8196	8142	7799	8017	6517	7464	
119	8202	8149	7802	8017	6510	7464	
120	8200	8149	7801	8018	6510	7461	
121	8204	8147	7803	8016	6506	7460	
122	8200	8146	7803	8022	6509	7463	
123	8203	8148	7803	8017	6507	7460	
124	8198	8147	7804	8018	6509	7462	
125	8202	8147	7805	8016	6505	7457	
126	8200	8151	7797	8019	6504	7459	
127	8205	8149	7804	8016	6508	7458	
128	8200	8147	7798	8017	6509	7463	
129	8198	8147	7801	8017	6505	7457	
130	8203	8147	7804	8015	6509	7458	
131	8199	8149	7798	8023	6505	7463	
132	8200	8144	7801	8014	6502	7461	
133	8198	8150	7804	8016	6505	7461	
134	8200	8145	7800	8015	6508	7460	
135	8196	8149	7801	8017	6504	7459	
136	8201	8147	7801	8016	6508	7462	
137	8198	8147	7802	8017	6505	7459	
138	8201	8146	7801	8020	6509	7461	
139	8201	8145	7803	8017	6507	7463	
140	8202	8146	7801	8018	6509	7460	
141	8203	8149	7800	8016	6514	7464	
142	8201	8149	7804	8014	6509	7462	
143	8200	8148	7803	8014	6509	7459	
144	8204	8147	7801	8020	6510	7461	
145	8195	8145	7803	8019	6514	7464	
146	8201	8148	7803	8019	6514	7462	
147	8202	8147	7802	8019	6517	7460	
148	8202	8146	7801	8011	6513	7460	
149	8198	8146	7805	8021	6516	7467	
150	8200	8147	7805	8018	6513	7464	
151	8200	8147	7802	8016	6514	7466	
152	8197	8146	7803	8018	6514	7462	
153	8201	8148	7805	8015	6515	7464	
154	8203	8149	7804	8021	6522	7464	
155	8197	8144	7805	8020	6520	7465	
156	8202	8149	7803	8017	6520	7465	
157	8202	8148	7804	8018	6521	7467	
158	8199	8147	7806	8015	6521	7464	
159	8200	8146	7803	8018	6520	7465	
160	8200	8144	7805	8020	6525	7468	
161	8197	8151	7805	8014	6522	7464	
162	8198	8148	7805	8014	6526	7467	
163	8199	8146	7801	8015	6524	7471	
164	8205	8147	7802	8021	6525	7468	
165	8200	8148	7805	8018	6524	7470	
166	8201	8147	7801	8018	6525	7470	
167	8200	8148	7805	8016	6529	7467	
168	8201	8143	7797	8020	6527	7468	
169	8203	8151	7806	8018	6526	7465	
170	8202	8147	7805	8022	6532	7473	
171	8199	8147	7803	8022	6527	7472	
172	8196	8147	7808	8016	6531	7469	
173	8203	8146	7808	8019	6530	7472	
174	8200	8153	7806	8019	6530	7471	
175	8199	8150	7812	8019	6531	7474	
176	8201	8146	7805	8019	6534	7472	
177	8196	8147	7805	8018	6529	7473	
178	8199	8151	7809	8018	6534	7468	
179	8201	8146	7808	8019	6535	7471	
180	8201	8145	7809	8020	6537	7474	
181	8200	8147	7804	8020	6534	7477	
182	8201	8147	7807	8019	6534	7473	
183	8199	8146	7812	8022	6542	7474	
184	8196	8147	7808	8021	6541	7475	
185	8198	8154	7811	8018	6536	7475	
186	8198	8148	7811	8025	6540	7473	
187	8199	8150	7808	8019	6539	7480	
188	8200	8146	7809	8020	6540	7475	
189	8201	8148	7809	8021	6541	7476	
190	8199	8147	7811	8022	6541	7477	
191	8199	8148	7811	8021	6545	7477	
192	8200	8146	7810	8020	6543	7479	
193	8199	8146	7807	8018	6540	7476	
194	8199	8149	7811	8021	6547	7478	
195	8196	8145	7810	8020	6546	7481	
196	8201	8150	7810	8023	6547	7481	
197	8195	8147	7808	8022	6542	7480	
198	8200	8148	7810	8023	6545	7478	
199	8200	8145	7814	8021	6547	7480	
200	8200	8150	7809	8023	6547	7483	
201	8201	8146	7809	8022	6550	7481	
202	8201	8149	7810	8021	6555	7479	
203	8201	8148	7813	8021	6553	7484	
204	8203	8149	7815	8024	6549	7479	
205	8202	8149	7809	8021	6553	7484	
206	8199	8147	7814	8020	6551	7481	
207	8201	8150	7813	8022	6556	7483	
208	8199	8147	7807	8025	6558	7482	
209	8199	8147	7816	8020	6553	7483	
210	8200	8145	7813	8024	6558	7483	
211	8198	8146	7815	8025	6553	7483	
212	8199	8150	7810	8021	6557	7483	
213	8202	8145	7811	8024	6557	7486	
214	8205	8145	7809	8022	6556	7482	
215	8199	8149	7815	8029	6560	7488	
216	8203	8150	7810	8023	6564	7483	
217	8199	8147	7817	8025	6558	7482	
218	8199	8147	7814	8022	6565	7486	
219	8202	8148	7813	8020	6562	7488	
220	8197	8146	7812	8024	6562	7488	
221	8202	8145	7815	8025	6562	7485	
222	8197	8149	7813	8025	6566	7489	
223	8196	8146	7814	8022	6565	7485	
224	8202	8148	7815	8026	6567	7487	
225	8200	8147	7817	8025	6569	7485	
226	8197	8148	7817	8023	6569	7486	
227	8198	8148	7819	8024	6565	7490	
228	8200	8144	7813	8024	6573	7491	
229	8202	8145	7819	8027	6568	7488	
230	8200	8148	7814	8026	6568	7489	
231	8196	8147	7815	8023	6576	7489	
232	8202	8147	7817	8022	6571	7486	
233	8204	8147	7819	8024	6573	7488	
234	8202	8148	7818	8028	6577	7492	
235	8199	8146	7820	8026	6573	7491	
236	8198	8147	7816	8026	6577	7490	
237	8202	8149	7815	8025	6574	7493	
238	8200	8146	7816	8025	6577	7489	
239	8201	8146	7819	8022	6577	7494	
240	8200	8150	7820	8026	6581	7495	
241	8198	8146	7821	8027	6576	7497	
242	8200	8146	7817	8028	6577	7493	
243	8201	8146	7818	8026	6579	7496	
244	8201	8147	7819	8025	6582	7495	
245	8199	8143	7821	8027	6578	7497	
246	8198	8147	7818	8025	6579	7494	
247	8199	8149	7823	8027	6584	7497	
248	8200	8147	7817	8025	6582	7493	
249	8199	8147	7818	8025	6582	7493	
250	8202	8142	7825	8026	6583	7494	
251	8201	8149	7818	8025	6585	7494	
252	8200	8151	7816	8023	6586	7493	
253	8201	8147	7821	8022	6583	7501	
254	8199	8149	7818	8029	6588	7498	
255	8198	8152	7822	8026	6584	7498	
256	8197	8149	7818	8026	6586	7499	
257	8197	8146	7824	8027	6587	7501	
258	8196	8146	7822	8029	6591	7496	
259	8199	8152	7819	8025	6593	7500	
260	8200	8147	7821	8026	6594	7499	
261	8203	8147	7823	8029	6592	7500	
262	8199	8148	7820	8028	6595	7499	
263	8199	8147	7823	8028	6592	7500	
264	8201	8147	7819	8024	6593	7499	
265	8201	8150	7819	8028	6597	7500	
266	8199	8146	7822	8028	6596	7500	
267	8199	8147	7823	8025	6594	7498	
268	8200	8145	7824	8030	6598	7503	
269	8198	8149	7819	8030	6595	7504	
270	8201	8148	7824	8026	6598	7504	
271	8198	8148	7823	8029	6599	7501	
272	8197	8150	7823	8029	6600	7504	
273	8200	8148	7824	8027	6597	7507	
274	8201	8150	7822	8029	6600	7503	
275	8200	8148	7826	8030	6601	7503	
276	8202	8143	7825	8029	6603	7506	
277	8198	8146	7828	8030	6603	7506	
278	8199	8150	7826	8030	6600	7504	
279	8201	8147	7823	8027	6602	7505	
280	8200	8151	7822	8028	6606	7504	
281	8201	8147	7825	8029	6609	7506	
282	8201	8149	7820	8029	6606	7506	
283	8203	8146	7823	8029	6606	7505	
284	8199	8148	7824	8028	6607	7508	
285	8197	8152	7823	8033	6604	7507	
286	8202	8151	7824	8031	6610	7506	
287	8198	8148	7828	8031	6608	7507	
288	8201	8146	7822	8029	6610	7510	
289	8202	8142	7827	8029	6612	7504	
290	8197	8151	7823	8030	6612	7507	
291	8197	8146	7823	8027	6608	7511	
292	8207	8150	7829	8029	6612	7510	
293	8202	8145	7828	8027	6612	7508	
294	8199	8148	7830	8028	6615	7512	
295	8201	8148	7827	8027	6614	7511	
296	8202	8150	7826	8031	6617	7516	
297	8200	8142	7826	8028	6618	7512	
298	8202	8151	7826	8031	6622	7511	
299	8202	8148	7825	8029	6619	7516	
300	8197	8146	7829	8033	6621	7513	
301	8201	8148	7827	8029	6619	7517	
302	8198	8148	7829	8029	6616	7511	
303	8197	8147	7825	8033	6620	7514	
304	8196	8147	7826	8029	6621	7512	
305	8197	8147	7828	8031	6620	7517	
306	8201	8148	7827	8029	6622	7512	
307	8201	8147	7829	8030	6624	7515	
308	8203	8143	7827	8033	6625	7513	
309	8200	8152	7826	8032	6625	7514	
310	8201	8147	7827	8033	6625	7513	
311	8201	8146	7828	8033	6626	7515	
312	8197	8147	7829	8031	6627	7516	
313	8202	8147	7832	8033	6625	7516	
314	8203	8145	7830	8032	6631	7522	
315	8198	8145	7830	8030	6627	7518	
316	8200	8147	7831	8031	6630	7515	
317	8201	8146	7830	8032	6626	7519	
318	8198	8146	7829	8029	6631	7515	
319	8200	8144	7829	8032	6630	7517	
320	8201	8151	7832	8034	6633	7518	
321	8202	8147	7835	8028	6634	7517	
322	8200	8148	7832	8029	6635	7520	
323	8203	8147	7830	8034	6634	7520	
324	8201	8149	7831	8030	6636	7523	
325	8202	8147	7829	8032	6632	7517	
326	8199	8145	7829	8028	6636	7520	
327	8200	8148	7830	8034	6636	7517	
328	8197	8147	7831	8031	6634	7519	
329	8199	8147	7831	8032	6637	7521	
330	8202	8148	7833	8032	6633	7520	
331	8202	8148	7833	8032	6641	7526	
332	8197	8147	7831	8036	6642	7522	
333	8205	8149	7830	8035	6642	7525	
334	8198	8145	7832	8035	6643	7522	
335	8200	8147	7834	8033	6643	7522	
336	8202	8148	7830	8034	6640	7524	
337	8198	8145	7831	8030	6644	7522	
338	8200	8149	7833	8035	6648	7527	
339	8199	8146	7836	8032	6642	7524	
340	8198	8147	7833	8034	6644	7523	
341	8197	8145	7836	8030	6647	7526	
342	8201	8147	7832	8031	6650	7525	
343	8199	8147	7837	8035	6650	7525	
344	8198	8147	7836	8034	6650	7527	
345	8197	8150	7837	8035	6647	7523	
346	8199	8150	7830	8036	6652	7528	
347	8201	8148	7832	8033	6648	7531	
348	8204	8148	7833	8031	6650	7529	
349	8201	8146	7837	8035	6652	7526	
350	8202	8144	7834	8031	6652	7524	
351	8198	8146	7841	8034	6650	7525	
352	8198	8148	7835	8033	6656	7532	
353	8201	8148	7838	8037	6651	7529	
354	8201	8148	7840	8036	6656	7531	
355	8197	8144	7833	8036	6658	7532	
356	8198	8147	7835	8031	6652	7531	
357	8198	8151	7834	8038	6658	7529	
358	8199	8144	7838	8032	6657	7529	
359	8196	8149	7835	8038	6659	7529	
360	8202	8150	7839	8037	6661	7533	
361	8201	8147	7837	8039	6659	7529	
362	8201	8146	7835	8037	6665	7532	
363	8196	8149	7837	8034	6663	7535	
364	8201	8146	7837	8038	6661	7531	
365	8199	8147	7832	8035	6660	7533	
366	8204	8146	7835	8036	6662	7536	
367	8199	8146	7837	8038	6666	7530	
368	8201	8145	7835	8032	6666	7530	
369	8200	8145	7836	8038	6667	7534	
370	8202	8146	7838	8035	6665	7536	
371	8201	8146	7837	8036	6666	7532	
372	8200	8148	7838	8037	6665	7534	
373	8197	8147	7839	8038	6665	7534	
374	8199	8151	7842	8033	6669	7537	
375	8197	8147	7842	8035	6667	7535	
376	8198	8145	7840	8037	6671	7537	
377	8200	8146	7839	8036	6670	7537	
378	8202	8146	7840	8039	6674	7539	
379	8200	8148	7840	8035	6671	7539	
380	8200	8149	7842	8036	6672	7535	
381	8200	8146	7839	8042	6673	7540	
382	8200	8151	7840	8039	6675	7540	
383	8202	8148	7842	8039	6677	7535	
384	8197	8149	7843	8035	6675	7540	
385	8199	8149	7838	8037	6675	7539	
386	8200	8147	7841	8036	6678	7541	
387	8202	8146	7841	8037	6676	7537	
388	8199	8148	7841	8039	6675	7540	
389	8198	8145	7843	8035	6675	7543	
390	8198	8146	7841	8037	6679	7541	
391	8196	8147	7844	8042	6678	7539	
392	8201	8147	7842	8040	6684	7547	
393	8200	8143	7844	8037	6680	7542	
394	8202	8149	7843	8036	6684	7540	
395	8194	8147	7842	8038	6680	7543	
396	8200	8149	7842	8038	6685	7541	
397	8199	8148	7842	8038	6682	7543	
398	8196	8146	7841	8041	6682	7545	
399	8200	8148	7841	8036	6690	7546	
400	8204	8149	7847	8036	6687	7545	
401	8198	8148	7842	8041	6687	7544	
402	8197	8145	7844	8043	6687	7544	
403	8199	8145	7843	8036	6686	7545	
404	8200	8146	7846	8037	6688	7547	
405	8199	8147	7848	8040	6689	7543	
406	8201	8144	7844	8038	6690	7544	
407	8201	8148	7843	8038	6691	7545	
408	8197	8148	7846	8040	6688	7547	
409	8200	8147	7843	8036	6694	7548	
410	8203	8147	7847	8040	6695	7547	
411	8202	8149	7847	8041	6693	7547	
412	8198	8149	7841	8037	6695	7548	
413	8203	8147	7846	8036	6691	7545	
414	8201	8150	7844	8039	6695	7542	
415	8198	8152	7842	8041	6695	7544	
416	8200	8147	7846	8043	6697	7548	
417	8197	8147	7847	8038	6697	7546	
418	8197	8147	7848	8042	6696	7551	
419	8203	8150	7847	8042	6700	7551	
420	8197	8147	7845	8040	6698	7549	
421	8201	8147	7847	8045	6702	7553	
422	8194	8149	7844	8039	6701	7550	
423	8199	8148	7848	8043	6698	7549	
424	8198	8151	7846	8037	6704	7553	
425	8201	8147	7844	8043	6699	7548	
426	8200	8145	7849	8045	6699	7553	
427	8199	8147	7851	8037	6701	7554	
428	8196	8145	7848	8045	6704	7552	
429	8196	8150	7848	8041	6709	7555	
430	8198	8147	7848	8040	6704	7551	
431	8203	8149	7847	8040	6705	7553	
432	8199	8147	7847	8045	6708	7551	
433	8199	8153	7848	8042	6705	7553	
434	8205	8151	7849	8045	6707	7553	
435	8196	8146	7846	8043	6708	7557	
436	8198	8146	7849	8039	6712	7555	
437	8198	8147	7853	8044	6711	7554	
438	8198	8144	7847	8038	6711	7556	
439	8200	8148	7850	8039	6711	7554	
440	8199	8147	7847	8042	6714	7558	
441	8202	8150	7854	8042	6708	7554	
442	8200	8148	7851	8044	6714	7556	
443	8200	8147	7846	8040	6712	7558	
444	8202	8146	7853	8042	6718	7558	
445	8202	8147	7846	8045	6711	7558	
446	8199	8146	7846	8040	6717	7561	
447	8200	8149	7851	8041	6718	7560	
448	8200	8144	7850	8042	6718	7559	
449	8196	8149	7848	8043	6718	7558	
450	8198	8151	7854	8044	6722	7560	
451	8201	8144	7849	8040	6720	7559	
452	8201	8147	7853	8043	6720	7563	
453	8197	8147	7847	8044	6720	7560	
454	8205	8148	7848	8044	6724	7561	
455	8194	8149	7852	8045	6720	7562	
456	8203	8145	7851	8044	6723	7563	
457	8200	8143	7852	8044	6722	7563	
458	8200	8149	7854	8045	6725	7561	
459	8203	8146	7853	8043	6724	7560	
460	8199	8149	7855	8046	6723	7561	
461	8200	8145	7854	8045	6723	7567	
462	8201	8146	7854	8047	6726	7563	
463	8200	8149	7854	8044	6733	7566	
464	8201	8149	7853	8044	6726	7563	
465	8201	8149	7855	8044	6724	7565	
466	8199	8149	7855	8048	6733	7563	
467	8199	8147	7855	8043	6730	7563	
468	8198	8143	7852	8041	6730	7566	
469	8199	8149	7855	8045	6732	7566	
470	8198	8146	7855	8046	6730	7565	
471	8200	8144	7853	8046	6732	7567	
472	8199	8145	7853	8043	6737	7570	
473	8201	8144	7853	8042	6731	7564	
474	8205	8145	7854	8041	6736	7567	
475	8199	8147	7854	8044	6734	7570	
476	8199	8148	7854	8047	6733	7564	
477	8202	8149	7855	8045	6737	7572	
478	8201	8147	7856	8044	6735	7568	
479	8202	8146	7859	8044	6736	7564	
480	8198	8151	7854	8044	6741	7569	
481	8201	8147	7857	8047	6737	7568	
482	8200	8146	7858	8044	6738	7571	
483	8200	8145	7859	8045	6739	7572	
484	8200	8148	7856	8049	6741	7569	
485	8200	8149	7857	8044	6739	7570	
486	8201	8145	7856	8046	6739	7574	
487	8206	8150	7858	8047	6741	7568	
488	8201	8147	7856	8044	6740	7572	
489	8198	8149	7856	8044	6744	7569	
490	8205	8144	7857	8048	6743	7577	
491	8197	8146	7856	8046	6742	7571	
492	8200	8143	7857	8044	6744	7571	
493	8202	8146	7855	8044	6750	7572	
494	8199	8148	7857	8043	6749	7569	
495	8202	8146	7856	8043	6749	7573	
496	8200	8147	7859	8048	6749	7574	
497	8196	8145	7859	8042	6753	7572	
498	8202	8150	7857	8046	6754	7572	
499	8201	8148	7857	8049	6752	7579	
500	
501	
